1 Li 1 F 1 13.6 300.
2 Li 1 F 1 12.61 300.
3 Li 1 F 1 12.6 0.
4 Li 1 F 1 12.1 77.
5 Li 1 F 1 12. 200.
6 Li 1 F 1 11.7 300.
7 Li 1 Cl 1 9.33 55.
8 Li 1 Br 1 7.95 80.
9 Li 1 Br 1 7.5 55.
10 Li 3 Sb 1 1. 300.
11 Li 1 I 1 6. 55.
12 Li 1 I 1 6. 0.
13 Li 1 I 1 5.62 4.7
14 Li 1 I 1 5.9 80.0
15 Li 1 I 1 6.3 0.
16 Li 3 Bi 1 0.7 300.
17 Be 1 O 1 10.39 300.
18 Be 1 O 1 10.57 300.
19 Be 1 O 1 11.2 300.
20 Be 1 O 1 11.6 300.
21 Be 1 O 1 14.5 300.
22 Be 1 O 1 5.2 300.
23 Be 1 S 1 4.17 0.
24 Be 1 Se 1 3.61 0.
25 Be 3 Sb 2 0.67 300.
26 Be 1 Te 1 2.89 0.
27 B NA NA NA 0.93 300.
28 B NA NA NA 1.47 300.
29 B NA NA NA 1.53 300.
30 B NA NA NA 0.74 300.
31 B NA NA NA 1.16 300.
32 B NA NA NA 1.27 300.
33 B NA NA NA 1.38 300.
34 B NA NA NA 1.41 300.
35 B NA NA NA 1.42 300.
36 B NA NA NA 1.44 300.
37 B NA NA NA 1.55 300.
38 B 1 N 1 8. 300.
39 B 1 N 1 3.4 0.
40 B 1 N 1 3.8 300.
41 B 2 O 3 7. 300.
42 B 2 O 3 4.9 300.
43 B 1 P 1 2. 300.
44 B 1 P 1 2. 300.
45 B 1 P 1 2. 300.
46 B 1 P 1 5.9 0.
47 B 1 P 1 4.5 300.
48 B 1 As 1 1.46 300.
49 B 1 As 1 1.6 0.
50 B 1 As 1 3.56 0.
51 B 2 Se 3 NA 0.
52 B 1 Sb 1 2.6 300.
53 C NA NA NA 5.47 295.
54 C NA NA NA 7.02 295.
55 C NA NA NA 5.413 90.
56 C NA NA NA 5.493 90.
57 C NA NA NA 5.503 90.
58 C NA NA NA 5.542 90.
59 C NA NA NA 5.41 90.
60 C NA NA NA 6. 90.
61 C 1 Br 4 3.7 300.
62 C 1 I 4 2.26 300.
63 Na NA N NA NA 0.
64 Na 1 F 1 10.5 300.
65 Na 2 S 1 2.4 300.
66 Na 1 Cl 1 8.97 300.
67 Na 1 Cl 1 8.5 55.
68 Na 1 Cl 1 8.6 55.
69 Na 1 Cl 1 8.97 77.
70 Na 1 Cl 1 8.4 80.
71 Na 1 Cl 1 8.6 80.
72 Na 2 Se 1 2. 300.
73 Na 1 Br 1 7.5 80.
74 Na 1 Br 1 7.26 55.
75 Na 1 Br 1 7.025 77.
76 Na 1 Br 1 7.7 80.
77 Na 3 Sb 1 1.1 300.
78 Na 3 Sb 1 1.1 300.
79 Na 3 Sb 1 1.1 300.
80 Na 3 Sb 1 1.17 250.
81 Na 3 Sb 1 1. 300.
82 Na 3 Sb 1 2.2 300.
83 Na 2 Te 1 2.3 355.
84 Na 2 Te 1 2. 300.
85 Na 1 I 1 5.890 77.
86 Na 1 I 1 6. 5.8
87 Na 1 I 1 5.93 55.
88 Na 1 I 1 5.8 80.
89 Na 1 I 1 6.75 80.
90 Mg 1 O 1 7.77 295.
91 Mg 1 O 1 7.69 295.
92 Mg 1 O 1 7.4 300.
93 Mg 1 F 2 11.8 300.
94 Mg 1 F 2 11.1 77.
95 Mg 1 F 2 10.8 300.
96 Mg 1 F 2 5.65 300.
97 Mg 1 F 2 NA 0.
98 Mg 1 F 2 NA 0.
99 Mg 1 F 2 NA 0.
100 Mg 2 Si 1 0.6 300.
101 Mg 2 Si 1 2.27 300.
102 Mg 2 Si 1 0.77 0.
103 Mg 2 Si 1 0.78 0.
104 Mg 2 Si 1 0.655 15.
105 Mg 2 Si 1 2.17 77.
106 Mg 2 Si 1 0.66 90.
107 Mg 2 Si 1 2.27 300.
108 Mg 3 P 2 1.4 300.
109 Mg 1 Cl 1 NA 0.
110 Mg 2 Ge 1 0.532 300.
111 Mg 2 Ge 1 1.64 300.
112 Mg 2 Ge 1 0.69 0.
113 Mg 2 Ge 1 0.57 4.2
114 Mg 2 Ge 1 1.804 10.
115 Mg 2 Ge 1 0.66 15.
116 Mg 2 Ge 1 0.567 77.
117 Mg 2 Ge 1 0.57 77.
118 Mg 2 Ge 1 1.67 77.
119 Mg 2 Ge 1 1.78 77.
120 Mg 2 Ge 1 0.63 90.
121 Mg 2 Ge 1 0.54 195.
122 Mg 2 Ge 1 1.737 196.
123 Mg 2 Ge 1 0.548 300.
124 Mg 2 Ge 1 1.64 300.
125 Mg 2 Ge 1 0.74 0.
126 Mg 3 As 2 2.55 300.
127 Mg 3 As 2 1. 300.
128 Mg 1 Se 1 5.6 70.
129 Mg 1 Se 1 5.63 90.
130 Mg 1 Se 1 5.6 300.
131 Mg 2 Sn 1 0.135 296.
132 Mg 2 Sn 1 0.18 296.
133 Mg 2 Sn 1 0.185 0.
134 Mg 2 Sn 1 0.23 0.
135 Mg 2 Sn 1 0.34 0.
136 Mg 2 Sn 1 0.36 0.
137 Mg 2 Sn 1 0.33 5.0
138 Mg 2 Sn 1 0.31 85.
139 Mg 2 Sn 1 0.22 300.
140 Mg 3 Sb 2 0.82 0.
141 Mg 3 Sb 2 0.8 0.
142 Mg 1 Te 1 4.7 300.
143 Mg 1 Te 1 3.6 70.
144 Mg 2 Pb 1 0.041 77.
145 Mg 2 Pb 1 0.1 300.
146 Mg 2 Pb 1 0.1 300.
147 Mg 3 Bi 2 0.1 300.
148 Mg 3 Bi 2 0.1 300
149 Al 1 B 1 0.83 300.
150 Al 1 B 1 0.5 300.
151 Al NA B NA 0.74 400.
152 Al 1 N 1 5.74 300.
153 Al 1 N 1 5.88 300.
154 Al 1 N 1 5.9 300.
155 Al 1 N 1 5.9 300.
156 Al 2 O 3 9.5 300.
157 Al 2 O 3 9.9 300.
158 Al 2 O 3 8.7 300.
159 Al 2 O 3 8.56 0.
160 Al 2 O 3 7. 300.
161 Al 2 O 3 7.3 300.
162 Al 1 P 1 2.45 300.
163 Al 1 P 1 2.51 6.0
164 Al 1 P 1 2.42 293.
165 Al 1 P 1 2.65 300.
166 Al 2 S 3 4.1 300.
167 Al 1 As 1 2.1 300.
168 Al 1 As 1 2.9 300.
169 Al 1 As 1 2.25 0.
170 Al 1 As 1 2.228 2.0
171 Al 1 As 1 2.223 77.
172 Al 1 As 1 2.205 145.
173 Al 1 As 1 2.13 300.
174 Al 1 As 1 2.16 300.
175 Al 1 As 1 2.2 300.
176 Al 1 As 1 3.5 300.
177 Al 1 As 1 2.233 77.
178 Al 1 As 1 2.215 145.
179 Al 2 Se 3 3.1 300.
180 Al 1 Sb 1 1.62 300.
181 Al 1 Sb 1 2.218 300.
182 Al 1 Sb 1 1.62 300.
183 Al 1 Sb 1 1.6 0.
184 Al 2 Te 3 2.5 300.
185 Al 2 Te 3 2.5 300.
186 Al 2 Te 3 2.2 800.
187 Al 1 Bi 1 0.4 300.
188 Si 1 C 1 2.2 300.
189 Si 1 C 1 2.86 300.
190 Si 1 C 1 2.39 4.2
191 Si 1 C 1 2.6 300.
192 Si 1 C 1 2.86 300.
193 Si 1 C 1 3.33 4.2
194 Si 1 C 1 4.4 300.
195 Si 3 N 4 5. 300.
196 Si 3 N 4 5.1 300.
197 Si 3 N 4 4.5 300.
198 Si 1 O 2 11. 300.
199 Si 1 O 2 10.4 300.
200 Si 1 O 2 8. 300.
201 Si 1 O 2 8.4 300.
202 Si NA NA NA 1.12 291.
203 Si NA NA NA 1.166 4.2
204 Si NA NA NA 1.17 4.2
205 Si NA NA NA 1.165 35.
206 Si NA NA NA 1.16 77.
207 Si NA NA NA 1.16 85.
208 Si NA NA NA 1.12 300.
209 Si 1 P 2 1.89 300.
210 Si 1 As 1 1.45 300.
211 Si 1 As 1 1.48 300.
212 Si 1 As 1 1.57 300.
213 Si 1 As 1 2.2 300.
214 Si 1 Se 2 1.72 300.
215 Si 1 Se 2 1.74 300.
216 Si 1 Sn 1 0.59 300.
217 Si 2 Te 3 1.98 300.
218 Si 1 Te 2 1.85 800.
219 Si 1 Te 2 2.18 300.
220 Si 2 Te 3 2. 300.
221 P NA NA NA 0.33 300.
222 P NA NA NA 1.6 300.
223 P NA NA NA 1.4 300.
224 P NA NA NA 0.35 300.
225 P NA As NA 0.23 300.
226 S NA NA NA 3.82 300.
227 S NA NA NA 4.2 300.
228 S NA NA NA 3.82 300.
229 K 1 F 1 10.9 300.
230 K 1 F 1 10.9 80.
231 K 1 F 1 9.61 293.
232 K 1 F 1 10.3 293.
233 K 2 S 1 2.1 300.
234 K 1 Cl 1 8.5 80.
235 K 1 Cl 1 8.9 10.
236 K 1 Cl 1 7.8 55.
237 K 1 Cl 1 8.69 77.
238 K 1 Cl 1 7.68 300.
239 K 2 Se 1 1.8 300.
240 K 1 Br 1 7.6 300.
241 K 1 Br 1 8. 10.
242 K 1 Br 1 7.3 20.
243 K 1 Br 1 6.75 55.
244 K 1 Br 1 7.215 78.
245 K 1 Br 1 7.76 80.
246 K 1 Br 1 6.58 300.
247 K 1 Br 1 7.13 300.
248 K 3 Sb 1 1.8 300.
249 K 3 Sb 1 1. 300.
250 K 3 Sb 1 1.4 300.
251 K 3 Sb 1 1.1 300.
252 K 3 Sb 1 1.1 300.
253 K 3 Sb 1 1.1 300.
254 K 2 Te 1 1.9 300.
255 K 1 I 1 6.17 300.
256 K 1 I 1 6.31 10.
257 K 1 I 1 6.25 55.
258 K 1 I 1 6.375 78.
259 K 1 I 1 6.08 80.
260 K 1 I 1 6.2 80.
261 K 1 I 1 6.2 80.
262 K 1 I 1 5.61 300.
263 K 1 I 1 5.92 300.
264 K 1 I 1 6.28 300.
265 Ca 1 B 6 4.5 300.
266 Ca 1 B 6 4.4 0.
267 Ca 1 B 6 3.3 300.
268 Ca 1 O 1 7.7 300.
269 Ca 1 O 1 6.7 300.
270 Ca 1 O 1 7. 300.
271 Ca 1 O 1 7.03 300.
272 Ca 1 O 1 7.5 300.
273 Ca 1 F 2 10. 300.
274 Ca 2 Si 1 1.9 300.
275 Ca 1 S 1 5.8 300.
276 Ca 1 S 1 5.38 70.
277 Ca 1 Se 1 4.87 77.
278 Ca 2 Sn 1 0.9 300.
279 Ca 1 Te 1 4.07 70.
280 Ca 1 I 2 5.98 77.
281 Ca 2 Pb 1 0.46 300.
282 Se 1 N 1 2.6 0.
283 Se 2 O 3 6. 300.
284 Se 2 O 3 6.2 80.
285 Se 2 O 3 5.4 300.
286 Se 2 O 3 1.7 873.
287 Se 2 S 3 2. 300.
288 Ti NA C NA 0.3 293.
289 Ti 2 O 3 0.02 4.2
290 Ti 1 O 2 3. 296.
291 Ti 1 O 2 3.3 296.
292 Ti 2 O 3 0.02 4.2
293 Ti 2 O 3 0.05 180.
294 Ti 1 O 2 3.05 300.
295 Ti 1 O 2 3.5 300.
296 Ti 1 O 2 3.75 300.
297 Ti 1 O 2 2.9 300.
298 Ti 1 S 2 1.24 300.
299 Ti 2 S 3 0.3 300.
300 Ti 1 S 3 0.9 300.
301 Ti 1 S 2 1.95 300.
302 Ti 1 Cl 3 NA 300.
303 Ti 1 Se 2 0.69 300.
304 Ti 1 Se 2 1.55 300.
305 Ti 1 Te 2 1. 300.
306 V 1 O 1 0.3 0.
307 V 2 O 3 0.1 77.
308 V 2 O 5 2.34 300.
309 V 1 O 2 0.65 300.
310 V 2 O 4 0.66 300.
311 V 5 O 9 0.15 100.
312 V 4 O 7 0.8 200.
313 V 2 O 5 2.49 0.
314 V 2 O 5 2.54 0.
315 V 2 O 5 2.3 300.
316 V 2 O 5 2.36 300.
317 V 1 O 2 0.4 300.
318 V 2 O 5 2.32 300.
319 V 1 O 2 0.12 339.
320 V 2 O 5 1.95 273.
321 Cr 2 O 3 1.68 300.
322 Cr 1 O 2 0.23 300.
323 Cr 2 O 3 1.59 300.
324 Cr 2 O 3 1. 300.
325 Cr 2 O 3 1.62 300.
326 Cr 1 O 2 NA 300.
327 Cr 1 Si 2 0.35 300.
328 Cr 2 S 3 0.9 300.
329 Cr 3 Se 4 0.015 300.
330 Cr 2 Se 3 0.025 300.
331 Cr 3 Se 4 0.015 300.
332 Cr 2 Se 3 0.15 300.
333 Cr 1 Br 3 NA 0.
334 Cr 1 Sb 1 0.2 300.
335 Cr NA Te NA 0.02 300.
336 Mn 1 O 2 0.26 300.
337 Mn 1 O 1 3.7 300.
338 Mn 1 O 1 1.84 300.
339 Mn 1 O 1 2.6 300.
340 Mn 1 O 2 0.28 300.
341 Mn 1 O 2 0.7 300.
342 Mn 1 O 1 2.2 300.
343 Mn 1 F 2 9.9 77.
344 Mn 1 F 2 10.2 300.
345 Mn 1 F 2 10.24 77.
346 Mn 1 Al 3 0.58 300.
347 Mn NA Si NA 0.6 600.
348 Mn NA Si NA 0.8 0.
349 Mn 1 S 1 6.2 300.
350 Mn 1 S 1 6. 300.
351 Mn 1 Se 2 0.2 300.
352 Mn 1 Se 1 1.8 300.
353 Mn 1 Te 1 1.25 300.
354 Mn 1 Te 2 0.48 300.
355 Mn 1 Te 1 1.35 80.
356 Mn 1 Te 2 0.2 300.
357 Mn 1 I 2 4.04 77.
358 Mn 1 I 2 4.4 77.
359 Fe 2 O 3 2.34 300.
360 Fe 2 O 3 1.06 600.
361 Fe 2 O 3 2.2 300.
362 Fe 1 Si 2 0.9 0.
363 Fe 1 Si 1 0.1 300.
364 Fe 1 Si 2 0.85 0.
365 Fe 1 Si 2 0.88 0.
366 Fe 1 P 2 0.4 300.
367 Fe 1 S 2 1.2 300.
368 Fe 1 As 2 0.2 300.
369 Fe 1 As 2 0.2 300.
370 Fe 1 Se 2 0.6 300.
371 Fe 1 Se 2 0.5 300.
372 Fe 1 Sb 2 0.17 300.
373 Fe 1 Sb 2 0.05 300.
374 Fe 2 Te 3 0.6 300.
375 Fe 1 Te 2 0.46 300.
376 Fe 2 Te 3 0.34 0.0
377 Fe 1 I 2 5.15 300.
378 Co 1 O 1 0.47 250.
379 Co 1 O 1 0.78 373.
380 Co 1 O 1 0.125 500.
381 Co 1 F 2 NA 300.
382 Co 1 F 2 NA 300.
383 Co 1 Si 1 0.045 300.
384 Co 1 As 2 0.15 300.
385 Co 1 As 3 0.25 300.
386 Co NA Te NA 0.2 300.
387 Ni 1 O 1 3.7 300.
388 Ni 1 O 1 0.92 300.
389 Ni 1 O 1 4. 300.
390 Ni 1 O 1 3.7 700.
391 Ni 1 P 2 0.5 300.
392 Ni 1 S 1 0.12 264.
393 Ni 1 S 2 0.5 300.
394 Ni 1 S 1 0.01 77.
395 Ni 1 As 2 0.05 0.
396 Ni NA Te NA 0.23 300.
397 Cu 1 N 3 4.17 300.
398 Cu 1 N 3 4.96 300.
399 Cu 2 O 1 2.023 77.
400 Cu 2 O 1 2.17 0.
401 Cu 2 O 1 2.58 0.
402 Cu 2 O 1 2.59 293.
403 Cu 2 O 1 2.02 300.
404 Cu 2 O 1 2.02 300.
405 Cu 2 O 1 2.67 300.
406 Cu 1 P 2 1.4 300.
407 Cu 1 P 2 1.51 300.
408 Cu 2 S 1 1.21 300.
409 Cu 2 S 1 1.93 293.
410 Cu 2 S 1 1.7 300.
411 Cu 2 S 1 1.8 300.
412 Cu 2 S 1 1.84 300.
413 Cu 2 S 1 1.93 300.
414 Cu 2 S 1 1.26 80.
415 Cu 2 S 1 1.05 300.
416 Cu 1 Cl 1 3.306 80.
417 Cu 2 Se 1 1.23 293.
418 Cu 2 Se 1 1.23 300.
419 Cu 2 Se 1 1.29 300.
420 Cu 2 Se 1 1.3 300.
421 Cu 1 Br 1 2.987 80.
422 Cu 1 Br 1 3.02 8.0
423 Cu 2 Te 1 1.08 300.
424 Cu 2 Te 1 1.15 80.
425 Cu 2 Te 1 1.02 300.
426 Cu 2 Te 1 1.04 300.
427 Cu 2 Te 1 1.04 300.
428 Cu 1 I 1 3.07 300.
429 Cu 1 I 1 3.047 80.
430 Zn 1 O 1 3.35 300.
431 Zn 1 O 1 3.435 1.2
432 Zn 1 O 1 3.26 77.
433 Zn 1 O 1 3.31 300.
434 Zn 1 O 1 3.418 77.
435 Zn 1 P 2 1.65 293.
436 Zn 1 P 2 1.85 293.
437 Zn 1 P 2 2.18 293.
438 Zn 3 P 2 1.15 300.
439 Zn 1 P 2 2.03 300.
440 Zn 1 S 1 3.87 300.
441 Zn 1 S 1 3.68 300.
442 Zn 1 S 1 3.69 300.
443 Zn 1 S 1 3.704 300.
444 Zn 1 S 1 3.73 300.
445 Zn 1 S 1 3.88 300.
446 Zn 1 S 1 3.82 0.
447 Zn 1 As 2 0.9 297.
448 Zn 3 As 2 0.93 297.
449 Zn 3 As 2 0.86 0.
450 Zn 1 As 2 0.93 297.
451 Zn 3 As 2 0.51 300.
452 Zn 1 As 2 1.3 0.
453 Zn 1 Se 1 2.67 297.
454 Zn 1 Se 1 2.874 15.
455 Zn 1 Se 1 2.81 23.
456 Zn 1 Se 1 2.68 150.
457 Zn 1 Se 1 2.785 300.
458 Zn 1 Se 1 2.76 290.
459 Zn 1 Sb 1 0.5 300.
460 Zn 1 Sb 1 0.99 300.
461 Zn 3 Sb 2 0.22 300.
462 Zn 4 Sb 3 1.2 300.
463 Zn 1 Sb 1 0.508 4.2
464 Zn 1 Sb 1 0.603 4.2
465 Zn 1 Sb 1 0.606 4.2
466 Zn 1 Sb 1 0.61 4.2
467 Zn 1 Sb 1 0.61 4.2
468 Zn 1 Sb 1 1.05 4.2
469 Zn 1 Sb 1 1.09 4.2
470 Zn 1 Sb 1 1.11 4.2
471 Zn 1 Sb 1 0.59 77.
472 Zn 1 Sb 1 0.59 77.
473 Zn 1 Sb 1 0.53 297.
474 Zn 1 Sb 1 0.48 300.
475 Zn 1 Sb 1 0.514 300.
476 Zn 3 Sb 2 0.2 300.
477 Zn 1 Sb 1 0.5 300.
478 Zn 1 Te 1 2.25 300.
479 Zn 1 Te 1 2.385 4.2
480 Zn 1 Te 1 2.29 77.
481 Zn 1 Te 1 2.35 77.
482 Zn 1 Te 1 2.372 77.
483 Zn 1 Te 1 2.37 80.
484 Zn 1 Te 1 2.34 290.
485 Zn 1 Te 1 2.281 295.
486 Zn 1 Te 1 2.176 300.
487 Zn 1 Te 1 2.23 300.
488 Zn 1 Te 1 2.255 300.
489 Zn 1 Te 1 2.35 300.
490 Zn 1 Te 1 2.29 110.
491 Zn 1 I 2 4.53 77.
492 Ga 1 N 1 3.24 300.
493 Ga 1 N 1 3.25 300.
494 Ga 1 N 1 3.39 300.
495 Ga 1 N 1 3.8 300.
496 Ga 2 O 3 4.54 300.
497 Ga 2 O 3 4.4 300.
498 Ga 1 P 1 2.22 300.
499 Ga 1 P 1 2.78 300.
500 Ga 1 P 1 2.235 0.
501 Ga 1 P 1 2.895 0.
502 Ga 1 P 1 2.78 290.
503 Ga 1 P 1 2.223 300.
504 Ga 1 P 1 2.75 300.
505 Ga 1 S 1 2.5 295.
506 Ga 2 S 3 3.59 0.
507 Ga 1 S 1 2.591 77.
508 Ga 1 S 1 2.62 77.
509 Ga 1 S 1 2.7 77.
510 Ga 1 S 1 2.58 150.
511 Ga 1 S 1 2.38 300.
512 Ga 1 S 1 2.5 300.
513 Ga 1 S 1 2.52 300.
514 Ga 1 S 1 2.53 300.
515 Ga 1 S 1 2.84 0.
516 Ga 2 S 3 2.85 300.
517 Ga 1 As 1 1.42 300.
518 Ga 1 As 1 1.46 4.2
519 Ga 1 As 1 1.521 21.
520 Ga 1 As 1 1.518 55.
521 Ga 1 As 1 1.507 77.
522 Ga 1 As 1 1.51 77.
523 Ga 1 As 1 1.511 90.
524 Ga 1 As 1 1.479 185.
525 Ga 1 As 1 1.43 295.
526 Ga 1 As 1 1.37 300.
527 Ga 1 As 1 1.62 300.
528 Ga 1 As 1 1.35 473.
529 Ga 1 As 1 1.253 673.
530 Ga 1 As 1 1.147 873.
531 Ga 1 As 1 1.09 973.
532 Ga 1 As 1 1.33 500.
533 Ga 1 As 1 1.435 294.
534 Ga 1 Se 1 1.98 300.
535 Ga 1 Se 1 2.12 300.
536 Ga 2 Se 3 2.05 300.
537 Ga 1 Se 1 2.2 0.
538 Ga 1 Se 1 2.132 4.2
539 Ga 1 Se 1 2.065 77.
540 Ga 1 Se 1 2.07 77.
541 Ga 1 Se 1 2.109 77.
542 Ga 1 Se 1 2.117 77.
543 Ga 1 Se 1 2.12 77.
544 Ga 1 Se 1 2.169 77.
545 Ga 1 Se 1 1.93 300.
546 Ga 1 Se 1 1.97 300.
547 Ga 1 Se 1 1.97 300.
548 Ga 1 Se 1 2.01 300.
549 Ga 1 Se 1 2.1 300.
550 Ga 2 Se 3 2.3 0.
551 Ga 2 Se 3 1.86 300.
552 Ga 1 Sb 1 0.725 300.
553 Ga 1 Sb 1 0.773 0.
554 Ga 1 Sb 1 0.812 1.7
555 Ga 1 Sb 1 0.813 4.2
556 Ga 1 Sb 1 0.725 300.
557 Ga 1 Sb 1 0.81 4.0
558 Ga 1 Te 1 1.42 293.
559 Ga 2 Te 3 1.13 300.
560 Ga 2 Te 3 1.32 300.
561 Ga 2 Te 3 1.08 0.
562 Ga 1 Te 1 1.52 0.
563 Ga 1 Te 1 1.74 0.
564 Ga 1 Te 1 1.74 77.
565 Ga 2 Te 3 1.33 300.
566 Ga 2 Te 3 1.5 300.
567 Ga 1 Te 1 1.5 300.
568 Ga 1 Te 1 1.63 300.
569 Ga 1 Te 1 1.67 300.
570 Ga 1 Te 1 1.7 300.
571 Ga 2 Te 3 1.45 933.
572 Ga 1 Bi 1 0.1 300.
573 Ge 1 O 2 5.56 300.
574 Ge 1 O 2 5.54 300.
575 Ge 1 O 2 5.63 300.
576 Ge 1 O 2 6. 300.
577 Ge NA Si NA 1.042 300.
578 Ge NA Si NA 1.042 300.
579 Ge NA Si NA 1.126 300.
580 Ge NA Si NA 1.319 300.
581 Ge NA Si NA 1.503 300.
582 Ge NA Si NA 1.914 300.
583 Ge NA Si NA 2.238 300.
584 Ge 1 S 1 1.58 300.
585 Ge 1 S 2 3.54 300.
586 Ge 1 S 1 1.69 77.
587 Ge 1 S 1 1.77 77.
588 Ge 1 S 1 1.59 300.
589 Ge 1 S 1 1.68 300.
590 Ge 1 S 2 3.71 77.
591 Ge NA NA NA 0.665 291.
592 Ge NA NA NA 0.805 293.
593 Ge NA NA NA 0.744 1.5
594 Ge NA NA NA 0.771 1.7
595 Ge NA NA NA 0.735 77.
596 Ge NA NA NA 0.889 77.
597 Ge NA NA NA 0.880 89.
598 Ge NA NA NA 0.799 305.
599 Ge NA NA NA 0.882 77.
600 Ge NA NA NA 0.88 300.
601 Ge 1 As 1 0.65 300.
602 Ge 1 As 2 1. 300.
603 Ge 1 As 2 1.45 300.
604 Ge 1 As 1 1.45 300.
605 Ge 1 Se 1 1.1 300.
606 Ge 1 Se 1 1.53 300.
607 Ge 1 Se 2 2.38 300.
608 Ge 1 Se 2 2.485 300.
609 Ge 1 Se 2 2.69 0.
610 Ge 1 Se 1 1. 100.
611 Ge 1 Se 1 1.17 300.
612 Ge 1 Sn 1 0.8 300.
613 Ge 1 Te 1 0.84 300.
614 Ge 1 Te 2 0.3 293.
615 Ge 1 Te 1 0.8 300.
616 Ge 1 Te 1 0.33 0.
617 Ge 1 Te 1 0.77 77.
618 Ge 1 Te 1 0.7 295.
619 Ge 1 I 2 1.5 300.
620 As 2 O 3 4. 300.
621 As 2 O 3 5. 300.
622 As 2 S 3 2.43 293.
623 As 4 S 4 2.4 300.
624 As 2 S 5 2.48 300.
625 As 2 S 3 2.2 0.
626 As 2 S 3 3. 0.
627 As 2 S 3 2.35 77.
628 As 2 S 3 2.57 90.
629 As 2 S 3 2.64 90.
630 As 2 S 3 2.45 293.
631 As 2 S 3 2. 300.
632 As 2 S 3 2.062 300.
633 As 2 S 3 2.21 300.
634 As 2 S 3 2.23 300.
635 As 2 S 3 2.48 300.
636 As 2 S 3 2.56 300.
637 As 2 S 3 2.355 403.
638 As 2 S 3 2.365 403.
639 As 2 S 3 2.43 80.
640 As 2 S 5 2.62 80.
641 As 2 S 3 2.32 293.
642 As 2 S 3 1.89 300.
643 As 2 S 5 2.01 300.
644 As 2 S 3 2.1 300.
645 As 2 S 5 2.21 300.
646 As 2 S 3 2.32 300.
647 As 2 S 3 2.36 300.
648 As 2 S 3 2.74 300.
649 As 2 S 3 2.8 300.
650 As NA NA NA 1.2 300.
651 As NA NA NA 0.172 4.2
652 As NA NA NA 0.346 4.2
653 As NA NA NA 1.07 300.
654 As 1 Se 1 1.01 300.
655 As 1 Se 1 1.42 300.
656 As 1 Se 1 1.77 300.
657 As 2 Se 3 1.8 0.
658 As 2 Se 3 1.81 0.
659 As 2 Se 3 1.85 0.
660 As 2 Se 3 2. 0.
661 As 2 Se 3 1.63 297.
662 As 2 Se 3 1.5 300.
663 As 2 Se 3 1.7 300.
664 As 2 Se 3 1.7 300.
665 As 2 Se 3 1.73 300.
666 As 2 Se 3 1.1 300.
667 As 1 Br 3 2.6 300.
668 As 2 Te 3 0.48 300.
669 As 2 Te 1 0.74 293.
670 As 2 Te 3 0.58 0.
671 As 2 Te 3 1.1 0.
672 As 2 Te 3 0.62 300.
673 As 2 Te 3 0.9 300.
674 As 2 Te 3 1. 300.
675 As 1 I 3 2.29 300.
676 As 1 I 3 2.54 0.
677 Se NA S NA 1.9 300.
678 Se NA NA NA 1.71 300.
679 Se NA NA NA 1.72 300.
680 Se NA NA NA 1.75 300.
681 Se NA NA NA 1.81 0.
682 Se NA NA NA 2.85 0.
683 Se NA NA NA 2.01 20.
684 Se NA NA NA 1.8 77.
685 Se NA NA NA 2.3 80.
686 Se NA NA NA 1.56 300.
687 Se NA NA NA 1.7 300.
688 Se NA NA NA 1.77 300.
689 Se NA NA NA 1.98 300.
690 Se NA NA NA 2.01 300.
691 Se NA NA NA 2.14 300.
692 Se NA NA NA 2.2 300.
693 Se NA NA NA 1.85 300.
694 Se NA NA NA 2.4 300.
695 Se 1 Te 1 0.65 300.
696 Se 3 Te 1 1.87 300.
697 Se NA Te NA 0.561 300.
698 Se 1 Te 1 1.58 300.
699 Rb 1 F 1 10.4 80.
700 Rb 1 Cl 1 8.29 300.
701 Rb 1 Cl 1 8.5 10.
702 Rb 1 Cl 1 8.3 55.
703 Rb 1 Cl 1 8.1 80.
704 Rb 1 Cl 1 8.2 80.
705 Rb 1 Br 1 7.2 80.
706 Rb 1 Br 1 7.25 55.
707 Rb 1 Br 1 7.65 80.
708 Rb 1 Br 1 7.7 80.
709 Rb 3 Sb 1 1. 300.
710 Rb 3 Sb 1 0.9 300.
711 Rb 3 Sb 1 1. 300.
712 Rb 3 Sb 1 1.7 300.
713 Rb 2 Te 1 4.5 300.
714 Rb 1 I 1 5.83 300.
715 Rb 1 I 1 6.26 10.
716 Rb 1 I 1 6.37 10.
717 Rb 1 I 1 6.25 55.
718 Rb 1 I 1 6.05 80.
719 Rb 1 I 1 6.1 80.
720 Rb 1 I 1 6.1 80.
721 Rb 1 I 1 6.36 80.
722 Sr 1 O 1 5.77 70.
723 Sr 1 O 1 5.7 300.
724 Sr 1 O 1 1.16 873.
725 Sr 1 S 1 4.76 113.
726 Sr 1 S 1 4.8 70.
727 Sr 1 Se 1 4.42 113.
728 Sr 1 Se 1 4.45 70.
729 Sr 1 Te 1 3.73 113.
730 Sr 1 Te 1 3.77 70.
731 Y 1 N 1 1.9 300.
732 Y 2 O 3 5.6 300.
733 Y 2 O 3 1.46 873.
734 Zr NA C NA 0.6 293.
735 Zr 6 O 1 0.18 300.
736 Zr 3 O 1 0.2 300.
737 Zr 1 O 2 4.99 300.
738 Zr 1 O 2 0.65 873.
739 Zr 1 O 2 0.56 523.
740 Zr 1 S 2 1.68 300.
741 Zr 1 S 2 2.75 300.
742 Zr 1 S 3 2.17 300.
743 Zr 1 S 3 2.28 300.
744 Zr 1 S 2 0.85 300.
745 Zr 1 Se 2 2. 300.
746 Zr 1 Se 3 1.25 300.
747 Nb 1 N 1 NA 0.
748 Nb 1 O 2 0.25 300.
749 Nb 2 O 5 3.48 300.
750 Nb 2 O 5 1.65 573.
751 Nb 2 O 5 3.08 300.
752 Nb 2 S 3 0.12 300.
753 Nb 1 Se 2 1.4 293.
754 Mo 1 O 3 3.66 300. 
755 Mo 1 O 3 3.23 0.
756 Mo 1 O 3 3.66 0.
757 Mo 1 O 3 2.8 300.
758 Mo 1 O 3 2.96 300.
759 Mo 1 O 3 3.54 300.
760 Mo 1 O 3 3.7 300.
761 Mo 1 Si 2 NA 0.
762 Mo 1 S 2 1.89 290.
763 Mo 1 S 2 0.25 300.
764 Mo 1 S 2 1.935 70.
765 Mo 1 S 2 1.83 290.
766 Mo 1 S 2 0.874 250.
767 Mo 1 S 2 1. 300.
768 Mo 1 Te 2 0.83 302.
769 Mo 1 Te 2 1.02 0.
770 Mo 1 Te 2 1.08 77.
771 Mo 1 Te 2 1.82 300.
772 Ru 1 P 2 1. 300.
773 Ru 1 S 2 1.8 300.
774 Ru 1 As 2 0.8 300.
775 Ru 1 Se 2 1. 300.
776 Ru 1 Sb 2 0.3 300.
777 Ru 1 Te 2 0.25 300.
778 Ru 1 Te 2 0.25 300.
779 Rh 2 S 3 0.8 300.
780 Rh 1 S 3 1.5 300.
781 Rh 1 Se 2 0.6 0.
782 Rh 1 Se 3 0.7 300.
783 Pd 1 O 1 1.5 300.
784 Pd 1 O 1 0.6 300.
785 Pd 1 P 2 0.65 300.
786 Pd 1 S 1 0.5 300.
787 Pd 1 S 2 0.75 300.
788 Pd 1 As 2 NA 0.
789 Pd 1 Se 1 0.2 300.
790 Pd 1 Se 2 0.4 300.
791 Pd 1 In 1 NA 0.0
792 Pd 1 Sb 2 NA 0.
793 Pd 1 Te 2 1.8 293.
794 Ag 1 N 3 3.9 300.
795 Ag 1 N 3 3.44 77.
796 Ag 2 O 1 1.2 300.
797 Ag 2 O 1 1.5 300.
798 Ag 2 O 1 1.591 20.
799 Ag 2 O 1 0.64 500.
800 Ag 2 F 1 NA 0.
801 Ag 2 S 1 1.03 296.
802 Ag 2 S 1 0.87 300.
803 Ag 2 S 1 1.23 77.
804 Ag 2 S 1 1.0 300.
805 Ag 1 Cl 1 3.25 300.
806 Ag 1 Cl 1 5.13 300.
807 Ag 1 Cl 1 3.22 0.
808 Ag 1 Cl 1 5.1 0.
809 Ag 1 Cl 1 3.246 4.2
810 Ag 1 Cl 1 3.25 4.2
811 Ag 1 Cl 1 3.252 4.2
812 Ag 1 Cl 1 3.22 77.
813 Ag 1 Cl 1 3.226 77.
814 Ag 1 Cl 1 3.08 300.
815 Ag 2 Se 1 0.13 80.
816 Ag 2 Se 1 0.07 0.
817 Ag 2 Se 1 0.18 0.
818 Ag 2 Se 1 0.05 0.
819 Ag 2 Se 1 0.18 0.
820 Ag 1 Br 1 2.68 300.
821 Ag 1 Br 1 4.29 300.
822 Ag 1 Br 1 2.97 0.
823 Ag 1 Br 1 4.292 0.
824 Ag 1 Br 1 2.683 4.2
825 Ag 1 Br 1 2.69 4.2
826 Ag 1 Br 1 2.691 4.2
827 Ag 1 Br 1 2.676 77.
828 Ag 1 Br 1 2.68 77.
829 Ag 1 Br 1 2.52 300.
830 Ag 1 Br 1 2.6 300.
831 Ag 2 Te 1 0.064 300.
832 Ag 1 Te 1 0.85 300.
833 Ag 2 Te 1 0.064 0.
834 Ag 2 Te 1 0.025 300.
835 Ag 2 Te 1 0.028 300.
836 Ag 2 Te 1 0.13 300.
837 Ag 2 Te 1 0.28 300.
838 Ag 2 Te 1 0.85 300.
839 Ag 2 Te 1 0.064 0.
840 Ag 2 Te 1 0.67 300.
841 Ag 2 Te 1 0.2 600.
842 Ag 1 I 1 2.919 80.
843 Ag 1 I 1 2.82 300.
844 Cd 1 O 1 1.2 300.
845 Cd 1 O 1 2.3 300.
846 Cd 1 O 1 2.35 295.
847 Cd 1 F 2 6. 300.
848 Cd 1 P 2 1.55 293. 
849 Cd 1 P 2 1.65 293.
850 Cd 1 P 2 1.92 293.
851 Cd 1 P 2 2.02 293.
852 Cd 3 P 2 0.52 300.
853 Cd 1 P 4 1. 300.
854 Cd 3 P 2 0.58 4.2
855 Cd 3 P 2 0.589 4.2
856 Cd 3 P 2 0.586 77.
857 Cd 1 P 2 2.15 77.
858 Cd 3 P 2 0.55 300.
859 Cd 1 P 2 1.93 300.
860 Cd 1 P 4 1.15 300.
861 Cd 1 S 1 2.41 300.
862 Cd 1 S 1 2.425 300.
863 Cd 1 S 1 2.526 4.2
864 Cd 1 S 1 2.582 4.2
865 Cd 1 S 1 2.386 250.
866 Cd 1 S 1 2.582 4.2
867 Cd 1 S 1 2.573 77.
868 Cd 1 Cl 2 5.7 300.
869 Cd 1 Cl 2 5.8 0.
870 Cd 1 As 2 1. 297.
871 Cd 3 As 2 0.13 300.
872 Cd 1 As 2 1.04 297.
873 Cd 3 As 2 0.14 300.
874 Cd 1 As 2 0.89 300.
875 Cd 3 As 2 0.048 4.2
876 Cd 3 As 2 0.425 300.
877 Cd 3 As 2 0.53 300.
878 Cd 1 Se 1 1.714 293.
879 Cd 1 Se 1 1.816 4.2
880 Cd 1 Se 1 1.83 4.2
881 Cd 1 Se 1 1.840 4.2
882 Cd 1 Se 1 1.865 4.2
883 Cd 1 Se 1 1.815 77.
884 Cd 1 Se 1 1.821 77.
885 Cd 1 Se 1 1.733 293.
886 Cd 1 Br 2 4.47 300.
887 Cd 1 In 1 0.6 300.
888 Cd 1 Sb 1 0.45 300.
889 Cd 4 Sb 3 1.25 300.
890 Cd 1 Sb 1 0.535 0.
891 Cd 1 Sb 1 0.57 0.
892 Cd 1 Sb 1 0.585 78.
893 Cd 1 Sb 1 0.428 300.
894 Cd 1 Sb 1 0.43 300.
895 Cd 1 Sb 1 0.45 300.
896 Cd 1 Sb 1 0.465 300.
897 Cd 1 Sb 1 0.7 300.
898 Cd 1 Te 1 1.517 300.
899 Cd 1 Te 1 1.595 6.
900 Cd 1 Te 1 1.594 20.
901 Cd 1 Te 1 1.58 300.
902 Cd 1 I 2 3.266 300.
903 Cd 1 I 2 3.857 300.
904 Cd 1 I 2 3.478 77.
905 Cd 1 I 2 3.8 77.
906 Cd 1 I 2 4.228 80.
907 Cd 1 I 2 3.2 290.
908 Cd 1 I 2 3.19 300.
909 Cd 1 I 2 3.2 300.
910 Cd 1 I 2 6.25 77.
911 Cd 1 I 2 3.26 300.
912 Cd 3 Bi 2 0.2 300.
913 In 1 N 1 2.4 300.
914 In 2 O 3 2.619 300.
915 In 2 O 3 3.75 300.
916 In 2 O 3 2.8 300.
917 In 2 O 3 3.55 300.
918 In 1 P 1 1.351 298.
919 In 1 P 1 1.413 77.
920 In 1 P 1 1.34 300.
921 In 1 P 1 1.45 300.
922 In 1 P 1 1.41 0.
923 In 2 S 3 1.1 300.
924 In 2 S 3 2.03 300.
925 In 1 S 1 1.86 300.
926 In 4 S 5 0.9 300.
927 In 2 S 3 2.28 0.
928 In 1 As 1 0.356 298.
929 In 1 As 1 0.41 0.
930 In 1 As 1 0.41 0.
931 In 1 As 1 0.409 20.
932 In 1 As 1 0.412 20.
933 In 1 As 1 0.404 80.
934 In 1 As 1 0.33 300.
935 In 1 Se 1 1.187 293.
936 In 1 Se 1 1.293 293.
937 In 2 Se 1 0.65 300.
938 In 2 Se 1 0.828 300.
939 In 2 Se 3 1.2 300.
940 In 1 Se 1 1.285 90.
941 In 1 Se 1 1.357 90.
942 In 1 Se 1 1.12 300.
943 In 1 Se 1 1.19 300.
944 In 1 Se 1 2.42 300.
945 In 1 Se 1 1.05 300.
946 In 1 Sb 1 0.17 300.
947 In 1 Sb 1 0.235 4.2
948 In 1 Sb 1 0.236 4.2
949 In 1 Sb 1 0.175 300.
950 In 1 Sb 1 0.234 4.2
951 In 1 Sb 1 0.236 4.2
952 In 2 Te 3 0.84 300.
953 In 2 Te 3 1.12 300.
954 In 2 Te 3 1.15 0.
955 In 2 Te 3 1.11 300.
956 In 2 Te 3 0.85 300.
957 In 2 Te 3 1.026 300.
958 In 2 Te 3 1.09 300.
959 In 2 Te 3 1.0 300.
960 Sn 1 O 2 2.7 300.
961 Sn 1 O 2 4.3 300.
962 Sn 1 O 2 3.631 0.
963 Sn 1 O 2 3.947 0.
964 Sn 1 O 2 3.597 1.8
965 Sn 1 O 2 2.6 77.
966 Sn 1 O 2 2.45 300.
967 Sn 1 O 2 2.55 300.
968 Sn 1 O 2 3.54 300.
969 Sn 1 O 2 3.57 300.
970 Sn 1 O 2 3.69 300.
971 Sn 1 O 2 3.7 300.
972 Sn 1 O 2 3.71 300.
973 Sn 1 O 2 3.93 300.
974 Sn 1 O 2 4.1 300.
975 Sn 1 O 2 3.9 300.
976 Sn 1 S 2 2.07 300.
977 Sn 1 S 2 2.88 300.
978 Sn 1 S 1 1.08 300.
979 Sn 1 S 2 2.21 300.
980 Sn 1 S 2 2.6 300.
981 Sn 1 S 1 1.3 300.
982 Sn 1 Cl 2 3.9 300.
983 Sn 1 Se 2 1.97 77.
984 Sn 1 Se 2 1.03 290.
985 Sn 1 Se 1 0.91 300.
986 Sn 1 Se 1 1.2 300.
987 Sn 1 Se 2 0.98 77.
988 Sn 1 Se 1 0.9 300.
989 Sn 1 Se 2 0.97 300.
990 Sn 1 Se 2 1. 300.
991 Sn 1 Se 2 1. 300.
992 Sn 1 Se 2 1.3 300.
993 Sn 1 Se 2 1.62 300.
994 Sn 1 Br 2 3.4 300.
995 Sn 1 Br 2 3.5 300.
996 Sn NA NA NA 0.075 300.
997 Sn NA NA NA 0.092 0.
998 Sn NA NA NA 0.08 300.
999 Sn 1 Sb 1 NA 0.
1000 Sn 1 Te 1 0.18 300.
1001 Sn 1 Te 1 0.33 0.
1002 Sn 1 Te 1 0.36 0.
1003 Sn 1 Te 1 0.3 300.
1004 Sn 1 Te 1 0.26 300.
1005 Sn 1 I 4 2.38 300.
1006 Sn 1 I 2 2.4 300.
1007 Sb 2 O 3 3.31 300.
1008 Sb 2 O 3 3.2 300.
1009 Sb 2 O 3 4.2 300.
1010 Sb 1 Si 1 1.9 300.
1011 Sb 1 Si 1 1.9 0.
1012 Sb 2 S 3 1.7 300.
1013 Sb 2 S 3 1.72 293.
1014 Sb 2 S 3 1.63 298
1015 Sb 2 S 3 1.67 300.
1016 Sb 2 S 3 1.69 300.
1017 Sb 2 S 3 1.7 300.
1018 Sb 2 S 3 1.71 300.
1019 Sb 2 S 3 1.7 300.
1020 Sb 2 S 3 1.92 300.
1021 Sb NA As NA 0.009 273. 
1022 Sb NA As NA 0.125 273. 
1023 Sb 2 Se 3 1.2 300.
1024 Sb 2 Se 3 1.4 0.
1025 Sb 2 Se 3 1.1 293.
1026 Sb 2 Se 3 1.15 300.
1027 Sb NA NA NA 0.1 300.
1028 Sb NA NA NA 0.101 4.
1029 Sb 2 Te 3 0.3 300.
1030 Sb 2 Te 3 0.3 300.
1031 Sb 2 Te 3 0.3 300.
1032 Sb 1 I 3 2.22 300.
1033 Sb 1 I 3 2.12 295.
1034 Sb 1 I 3 2.49 0.
1035 Te 1 O 2 3. 300.
1036 Te 1 O 2 NA 0.
1037 Te NA NA NA 0.332 300.
1038 Te NA NA NA 0.35 0.
1039 Te NA NA NA 0.334 4.
1040 Te NA NA NA 0.335 4.2
1041 Te NA NA NA 0.334 10.
1042 Te NA NA NA 0.337 10.
1043 Te NA NA NA 0.334 20.
1044 Te NA NA NA 0.336 77.
1045 Te NA NA NA 0.343 77.
1046 Te NA NA NA 0.32 295.
1047 Te NA NA NA 0.32 300.
1048 Te NA NA NA 0.33 300.
1049 Te 1 I 1 1.1 300.
1050 I NA NA NA 1.3 300.
1051 I NA NA NA 1.68 80.
1052 I NA NA NA 1.6 100.
1053 I NA NA NA 1.5 290.
1054 Cs 1 F 1 10. 80.
1055 Cs 2 S 1 NA 0.
1056 Cs 1 Cl 1 8.1 80.
1057 Cs 1 Cl 1 7.8 80.
1058 Cs 1 Cl 1 7.1 300.
1059 Cs 3 As 1 0.6 300.
1060 Cs 1 Br 1 7.18 80.
1061 Cs 1 Br 1 6.9 300.
1062 Cs 1 Br 1 6.8 80.
1063 Cs 3 Sb 1 1.6 300
1064 Cs 3 Sb 1 1.6 300.
1065 Cs 3 Sb 1 1.6 300
1066 Cs 3 Sb 1 1.6 300.
1067 Cs 3 Sb 1 2.25 300.
1068 Cs 2 Te 1 3.5 300.
1069 Cs 1 I 1 6.37 10.
1070 Cs 1 I 1 6.3 80.
1071 Cs 1 I 1 6.4 80.
1072 Cs 1 I 1 6.2 300.
1073 Cs 1 Bi 2 0.55 300.
1074 Cs 3 Bi 1 0.55 300.
1075 Cs 3 Bi 1 0.7 300.
1076 Ba 1 O 1 5.13 300.
1077 Ba 1 O 1 3.8 300.
1078 Ba 1 O 1 4.8 300.
1079 Ba 1 F 2 9.06 300.
1080 Ba 1 F 2 NA 0.
1081 Ba 1 S 1 3.88 113.
1082 Ba 1 S 1 3.9 77.
1083 Ba 1 Se 1 3.6 77.
1084 Ba 1 Se 1 3.58 113.
1085 Ba 1 Te 1 3.4 300.
1086 Ba NA I NA NA 0.
1087 La 1 B 6 0.08 300.
1088 La 1 B 6 NA 0.
1089 La 1 B 6 4.9 300.
1090 La 1 B 6 4.1 300.
1091 La 2 O 3 1.05 873.
1092 La 2 O 3 2.85 530.
1093 La 1 F 3 6.6 300.
1094 La 1 Al 3 NA 0.
1095 La 2 S 3 1.32 300.
1096 La 1 S 1 NA 0.
1097 La 1 Cl 3 NA 0.
1098 La 2 Se 3 1.97 293.
1099 La 2 Se 3 1.7 300.
1100 La 1 Se 1 NA 0.
1101 La 1 Sb 1 0.8 300.
1102 La 2 Te 3 0.1 300.
1103 La 3 Te 4 0.43 300.
1104 La 1 Te 1 NA 0.
1105 Ce 1 N 1 0.7 300.
1106 Ce 1 O 2 2.68 513.
1107 Ce 1 O 2 2. 0.
1108 Ce 1 O 2 5.5 300.
1109 Ce 1 O 2 1.1 873.
1110 Ce 1 F 3 4.85 300.
1111 Ce 2 S 3 1.12 300.
1112 Ce 1 S 1 NA 0.
1113 Ce 2 Se 3 1.75 293.
1114 Ce 2 Se 3 1.62 300.
1115 Ce 2 Se 3 2. 300.
1116 Ce 1 Se 1 NA 0.
1117 Ce 2 Te 3 1.4 293.
1118 Ce 1 Te 1 NA 0.
1119 Pr 1 B 6 4.9 300.
1120 Pr 1 O 2 0.66 323.
1121 Pr 2 O 3 0.84 673.
1122 Pr 1 O 2 0.88 510.
1123 Pr NA O NA 0.55 873.
1124 Pr 1 F 3 5.9 300.
1125 Pr 1 F 3 5.3 900.
1126 Pr 1 S 1 NA 0.
1127 Pr 1 As 1 1. 300.
1128 Pr 2 Se 3 1.8 293.
1129 Pr 2 Se 3 1.9 300.
1130 Pr 1 Se 1 NA 0.
1131 Pr 1 Sb 1 0.66 300.
1132 Pr 1 Te 2 1.02 300.
1133 Pr 1 Te 2 1.288 300.
1134 Pr 2 Te 3 1.3 293.
1135 Pr 1 Te 1 NA 0.
1136 Nd 1 B 6 4.9 300.
1137 Nd 1 B 6 3.4 300.
1138 Nd 1 B 6 4. 300.
1139 Nd 2 O 3 0.97 873.
1140 Nd 2 O 3 NA 0.
1141 Nd 1 F 3 6.15 300.
1142 Nd 2 S 3 3. 300.
1143 Nd 1 S 1 NA 0.
1144 Nd 1 As 1 1.04 300.
1145 Nd 2 Se 3 1.7 300.
1146 Nd 1 Se 1 NA 0.
1147 Nd 2 Te 5 0.29 300.
1148 Nd 1 Te 2 0.3 300.
1149 Nd 4 Te 7 0.38 300.
1150 Nd 2 Te 3 1.12 300.
1151 Nd 1 Te 2 0.48 300.
1152 Sm 1 B 6 4.9 300.
1153 Sm 2 O 3 1.17 300.
1154 Sm 2 O 3 2.27 510.
1155 Sm 1 P 1 1.09 300.
1156 Sm 1 S 1 0.22 300.
1157 Sm 2 S 3 3. 300.
1158 Sm 1 S 1 0.2 300.
1159 Sm 2 S 3 3. 300.
1160 Sm 1 As 1 1.03 300.
1161 Sm 1 Se 1 0.46 300.
1162 Sm 2 Se 3 2.3 300.
1163 Sm 2 Se 3 2.3 300.
1164 Sm 1 Sb 1 0.59 300.
1165 Sm 1 Te 1 0.62 300.
1166 Eu 1 N 1 1.25 400.
1167 Eu 1 N 1 1.47 300.
1168 Eu 1 O 1 1.122 300.
1169 Eu 3 O 4 0.6 300.
1170 Eu 2 O 3 1.7 300.
1171 Eu 1 O 1 1.115 300.
1172 Eu 1 O 1 1.1 300.
1173 Eu 1 O 1 4.3 300.
1174 Eu 2 O 3 1.84 513.
1175 Eu 3 P 2 1.2 300.
1176 Eu 1 S 1 1.645 300.
1177 Eu 3 S 4 0.163 300.
1178 Eu 1 S 1 1.645 300.
1179 Eu 1 S 1 1.65 300.
1180 Eu 1 S 1 1.69 300.
1181 Eu 1 S 1 3.1 300.
1182 Eu 3 As 2 0.6 300.
1183 Eu 1 Se 1 1.78 300. 
1184 Eu 1 Se 1 1.78 300.
1185 Eu 1 Se 1 1.78 300.
1186 Eu 1 Se 1 1.8 300.
1187 Eu 1 Se 1 1.87 300.
1188 Eu 1 Se 1 3.1 300.
1189 Eu 1 Te 1 1.959 300.
1190 Eu 1 Te 1 2. 300.
1191 Eu 1 Te 1 2. 300.
1192 Gd 1 B 6 3.6 300.
1193 Gd 1 N 1 1.54 300.
1194 Gd 2 O 3 1.36 873.
1195 Gd 2 O 3 2.9 933.
1196 Gd 1 P 1 NA 0.
1197 Gd 1 S 1 NA 0.
1198 Gd 1 As 1 0.63 300.
1199 Gd 1 Te 1 1.3 300.
1200 Tb 1 O 2 0.5 300.
1201 Tb 2 O 3 0.95 650.
1202 Tb 4 O 7 0.4 873.
1203 Tb 2 O 3 0.86 510.
1204 Tb 1 F 3 NA 0.
1205 Tb 1 P 1 NA 0.
1206 Dy 1 B 6 3.3 300.
1207 Dy 1 N 1 2.6 300.
1208 Dy 1 N 1 2.1 300.
1209 Dy 2 O 3 3.08 593.
1210 Dy 2 O 3 1.39 0.
1211 Dy 1 P 1 NA 0.
1212 Dy 2 S 3 2.91 300.
1213 Dy 2 S 3 3. 300.
1214 Dy 1 As 1 1. 300.
1215 Ho 1 N 1 1.88 300.
1216 Ho 1 N 1 1.9 300.
1217 Ho 2 O 3 2.84 573.
1218 Er 1 B 6 3.5 300.
1219 Er 1 N 1 2.4 300.
1220 Er 1 N 1 3. 300.
1221 Er 2 O 3 3.26 653.
1222 Er 2 O 3 1.4 0.
1223 Er 1 Se 2 1.07 300.
1224 Er 2 Se 3 1.66 300.
1225 Er 3 Te 4 0.9 300.
1226 Er 1 Te 1 0.9 300.
1227 Er 2 Te 3 0.9 300.
1228 Tm 1 As 1 1.18 300.
1229 Yb 2 O 3 2.99 573.
1230 Yb 2 O 3 1.53 873.
1231 Yb NA S NA 0.33 300.
1232 Yb NA S NA 0.176 500.
1233 Yb 1 As 1 1.02 300.
1234 Yb 1 Sb 1 1. 300.
1235 Lu 2 O 3 3.94 733.
1236 Hf 1 O 2 5.55 300.
1237 Hf 1 S 2 1.96 300.
1238 Hf 1 S 3 2.8 300.
1239 Hf 1 S 3 2.9 300.
1240 Hf 1 S 3 2.85 300.
1241 Hf 1 Se 2 1.13 300.
1242 Hf 1 Se 2 2.2 300.
1243 Ta NA N NA 2.3 300.
1244 Ta 2 O 5 4.6 300.
1245 Ta 1 S 2 0.1 300.
1246 W 1 O 3 2.8 300.
1247 W 1 O 3 2.7 273.
1248 W 1 O 3 2.9 300.
1249 W 1 Si 2 NA 0.
1250 W 1 S 2 1.1 300.
1251 W 1 S 2 0.45 400.
1252 W 1 Se 2 1.35 295.
1253 W 1 Se 2 1.49 0.
1254 W 1 Se 2 1.45 77.
1255 W 1 Se 2 1.35 295.
1256 W 1 Se 2 1.57 300.
1257 W 1 Te 2 0.05 100.
1258 W 1 Te 2 0.075 100.
1259 Re 1 O 3 NA 0.
1260 Re 1 O 3 2.3 300.
1261 Re 1 Si 2 0.12 300.
1262 Re 1 S 2 1.1 300.
1263 Re 1 Se 2 0.99 250.
1264 Os 1 P 2 1.2 300.
1265 Os 1 S 2 2. 300.
1266 Os 1 As 2 0.9 300.
1267 Os 1 Sb 2 0.2 300.
1268 Os 1 Te 2 0.3 300.
1269 Ir 1 S 2 0.9 300.
1270 Ir 1 Se 2 1. 300.
1271 Ir 1 Te 2 NA 0.
1272 Pt 1 O 2 0.2 300.
1273 Pt 1 P 2 0.8 300.
1274 Pt 1 P 2 0.6 300.
1275 Pt 1 S 1 0.8 300.
1276 Pt 1 S 2 0.75 300.
1277 Pt 1 As 2 0.55 300.
1278 Pt 1 As 2 0.5 300.
1279 Pt 1 Se 2 0.1 300.
1280 Pt 1 Sb 2 0.11 77.
1281 Pt 1 Sb 2 0.11 0.
1282 Pt 1 Sb 2 0.112 0.
1283 Pt 1 Sb 2 0.11 10.
1284 Pt 1 Sb 2 0.07 0.
1285 Pt 1 Te 2 NA 0.
1286 Pt 1 Bi 2 NA 300.
1287 Au NA Cl NA NA 0.
1288 Au 1 Ga 2 NA 0.
1289 Au 1 In 2 NA 0.
1290 Hg 1 O 1 2.48 300.
1291 Hg 1 O 1 2.214 300.
1292 Hg 1 O 1 1.02 373.
1293 Hg 1 O 1 1.18 373.
1294 Hg 1 O 1 NA 0.
1295 Hg 1 S 1 0.54 300.
1296 Hg 1 S 1 1.998 310.
1297 Hg 1 S 1 2.183 20.4
1298 Hg 1 S 1 2.160 77.
1299 Hg 1 S 1 2.095 283.
1300 Hg 1 S 1 0.7 300.
1301 Hg 1 S 1 -0.15 300.
1302 Hg 1 S 1 2.21 300.
1303 Hg 2 Cl 2 3.5 300.
1304 Hg 2 Cl 2 3.8 10.
1305 Hg 2 Cl 2 2.84 300.
1306 Hg 1 Cl 2 4.45 300.
1307 Hg 1 Se 1 0.24 4.2
1308 Hg 1 Se 1 0.6 297.
1309 Hg 1 Se 1 0.07 300.
1310 Hg 1 Se 1 0.1 300.
1311 Hg 2 Br 2 2.6 300.
1312 Hg 1 Br 2 3.59 300.
1313 Hg 1 Te 1 0.175 300.
1314 Hg 1 Te 1 0.303 1.5
1315 Hg 1 Te 1 0.266 77.
1316 Hg 1 Te 1 0.283 30.
1317 Hg 1 Te 1 0.15 300.
1318 Hg 1 Te 1 0.19 300.
1319 Hg 1 I 2 2.13 298.
1320 Hg 1 I 2 2.33 0.
1321 Hg 1 I 2 2.47 0.
1322 Hg 1 I 2 2.322 20.
1323 Hg 1 I 2 2.29 77.
1324 Hg 1 I 2 2.29 87.
1325 Hg 1 I 2 3.045 90.
1326 Hg 1 I 2 2.795 204.
1327 Hg 1 I 2 2.095 280.
1328 Hg 1 I 2 2.11 300.
1329 Hg 1 I 2 2.35 300.
1330 Hg 1 I 2 2.315 403.
1331 Hg 1 I 2 2.19 300.
1332 Hg 2 I 2 2.37 300.
1333 Tl 1 N 3 3.58 77.
1334 Tl 2 O 3 1.4 300.
1335 Tl 2 O 3 2.25 300.
1336 Tl 1 F 1 NA 0.
1337 Tl 1 S 1 1.36 300.
1338 Tl NA S NA 0.98 300.
1339 Tl 2 S 1 0.59 250.
1340 Tl 2 S 1 0.19 300.
1341 Tl 1 Cl 1 3.56 300.
1342 Tl 1 Cl 1 3.468 80.
1343 Tl 1 Cl 1 3.46 300.
1344 Tl 1 Cl 1 3.5 300.
1345 Tl 1 Se 1 0.73 300.
1346 Tl 1 Se 1 0.57 0.
1347 Tl 1 Se 1 0.96 77.
1348 Tl 1 Se 1 0.67 300.
1349 Tl 1 Se 1 0.7 300.
1350 Tl NA Se NA 0.84 300.
1351 Tl 1 Se 1 0.74 300.
1352 Tl 1 Br 1 3.05 300.
1353 Tl 1 Br 1 3.115 4.2
1354 Tl 1 Br 1 3.073 80.
1355 Tl 1 Br 1 3.1 300.
1356 Tl 2 Te 3 0.7 303.
1357 Tl 2 Te 1 0.5 300.
1358 Tl 2 Te 3 0.69 250.
1359 Tl 2 Te 3 0.48 77.
1360 Tl 2 Te 3 0.2 300.
1361 Tl 1 I 1 2.67 300.
1362 Tl 1 I 1 2.88 4.7
1363 Pb 1 N 6 3.02 300.
1364 Pb 1 N 6 2.98 295.
1365 Pb 1 O 1 1.936 300.
1366 Pb 1 O 1 2.76 300.
1367 Pb 1 O 1 2.84 300.
1368 Pb 2 O 3 1.67 300.
1369 Pb 1 O 2 1.7 300.
1370 Pb 1 O 2 2.0 300.
1371 Pb 3 O 4 2.12 300.
1372 Pb 1 O 1 2.88 4.2
1373 Pb 1 O 1 2.86 77.
1374 Pb 1 O 1 2.66 300.
1375 Pb 1 O 1 2.73 300.
1376 Pb 1 O 2 1.4 300.
1377 Pb 1 O 2 1.45 300.
1378 Pb 1 O 2 1.5 300.
1379 Pb 1 O 1 2. 300.
1380 Pb 1 O 2 2. 300.
1381 Pb 1 O 1 2.6 300.
1382 Pb 1 O 1 2.73 300.
1383 Pb 1 O 1 3.18 300.
1384 Pb 1 O 1 3.36 300.
1385 Pb 1 F 2 NA 0.
1386 Pb 1 S 1 0.41 300.
1387 Pb 1 S 1 0.286 4.2
1388 Pb 1 S 1 0.307 77.
1389 Pb 1 S 1 0.285 300.
1390 Pb 1 S 1 0.44 373.
1391 Pb 1 S 1 0.281 4.2
1392 Pb 1 S 1 0.3 77.
1393 Pb 1 S 1 0.37 300.
1394 Pb 1 S 1 0.41 300.
1395 Pb 1 S 1 0.307 77.
1396 Pb 1 Cl 2 3.82 300.
1397 Pb 1 Cl 2 3.94 300.
1398 Pb 1 Cl 2 4.1 300.
1399 Pb 1 Se 1 0.27 300.
1400 Pb 1 Se 1 0.165 4.2
1401 Pb 1 Se 1 0.165 4.2
1402 Pb 1 Se 1 0.165 77.
1403 Pb 1 Se 1 0.176 77.
1404 Pb 1 Se 1 0.176 77.
1405 Pb 1 Se 1 0.26 300.
1406 Pb 1 Se 1 0.27 300.
1407 Pb 1 Se 1 0.275 300.
1408 Pb 1 Se 1 0.29 300.
1409 Pb 1 Se 1 0.31 373.
1410 Pb 1 Se 1 0.14 4.2
1411 Pb 1 Br 2 3.2 300.
1412 Pb 1 Br 2 3.5 77.
1413 Pb 1 Br 2 3.23 300.
1414 Pb 1 Br 2 3.31 300.
1415 Pb 1 Te 1 0.31 300.
1416 Pb 1 Te 1 0.185 0.
1417 Pb 1 Te 1 0.19 0.
1418 Pb 1 Te 1 0.19 4.2
1419 Pb 1 Te 1 0.21 77.
1420 Pb 1 Te 1 0.21 77.
1421 Pb 1 Te 1 0.217 77.
1422 Pb 1 Te 1 0.19 300.
1423 Pb 1 Te 1 0.29 300.
1424 Pb 1 Te 1 0.31 300.
1425 Pb 1 Te 1 0.34 373.
1426 Pb 1 Te 1 0.191 4.2
1427 Pb 1 Te 1 0.29 300.
1428 Pb 1 Te 1 0.32 300.
1429 Pb 1 I 2 2.32 300.
1430 Pb 1 I 2 2.41 0. 
1431 Pb 1 I 2 2.535 0.
1432 Pb 1 I 2 3.01 0.
1433 Pb 1 I 2 2.32 300.
1434 Pb 1 I 2 2.36 300.
1435 Bi 2 O 3 2.6 300.
1436 Bi 2 O 3 2.91 300.
1437 Bi 2 O 3 3.1 77.
1438 Bi 2 O 3 2.15 300.
1439 Bi 2 O 3 2.58 300.
1440 Bi 2 O 3 2.85 300.
1441 Bi 2 O 3 2.86 300.
1442 Bi 2 O 3 2.07 400.
1443 Bi 2 O 3 2.85 300.
1444 Bi 1 F 3 NA 0.
1445 Bi 2 S 3 1.2 300.
1446 Bi 2 S 3 1.4 77.
1447 Bi 2 S 3 1.3 293.
1448 Bi 2 S 3 0.72 300.
1449 Bi 2 S 3 1.3 300.
1450 Bi 2 Se 3 0.21 300.
1451 Bi 2 Se 3 0.4 77.
1452 Bi 2 Se 3 0.35 293.
1453 Bi 2 Se 3 0.35 300.
1454 Bi 2 Se 3 0.161 300.
1455 Bi 1 Br 3 2.66 300.
1456 Bi 1 Sb 1 0.023 4.2
1457 Bi NA Sb NA 0.008 80.
1458 Bi NA Sb NA 0.022 80.
1459 Bi NA Sb NA 0.024 300.
1460 Bi NA Sb NA 0.007 300.
1461 Bi NA Sb NA 0.007 300.
1462 Bi NA Sb NA 0.008 300.
1463 Bi NA Sb NA 0.01 300.
1464 Bi NA Sb NA 0.01 300.
1465 Bi NA Sb NA 0.011 300.
1466 Bi NA Sb NA 0.012 300.
1467 Bi 1 Sb 1 0.014 300.
1468 Bi NA Sb NA 0.014 300.
1469 Bi NA Sb NA 0.015 300.
1470 Bi NA Sb NA 0.018 300.
1471 Bi 1 Sb 1 0.022 300.
1472 Bi 2 Te 3 0.145 300.
1473 Bi 2 Te 3 0.15 0.
1474 Bi 2 Te 3 0.13 300.
1475 Bi 2 Te 3 0.14 300.
1476 Bi 2 Te 3 0.16 0.
1477 Bi 2 Te 3 0.15 300.
1478 Bi 2 Te 3 0.153 300.
1479 Bi 2 Te 3 0.171 300.
1480 Bi 2 Te 3 0.2 300.
1481 Bi 1 I 3 1.73 293.
1482 Bi 1 I 3 2.195 293.
1483 Bi 1 I 3 2.03 0.
1484 Bi 1 I 3 2.029 20.4
1485 Bi 1 I 3 1.922 85.
1486 Bi 1 I 3 1.81 295.
1487 Bi 1 I 3 1.93 300.
1488 Bi 1 I 3 2.52 0.
1489 Bi NA NA NA 0.015 4.2
1490 Bi NA NA NA 0.024 4.2
1491 Bi NA NA NA 0.006 77.4
1492 Th 1 C 1 NA 9.0
1493 Th 1 O 2 5.75 300.
1494 Th 1 O 2 3.5 300.
1495 Th 1 O 2 2.56 300.
1496 Th 1 O 2 3.3 300.
1497 Th 1 O 2 5.02 300.
1498 Th 1 O 2 3.2 300.
1499 Th 1 O 2 3.3 300.
1500 U NA O NA 1.5 300.
1501 U 1 O 2 2.18 300.
1502 U NA O NA 0.6 473.
1503 U 1 O 2 1.3 100.
1504 U 1 P 2 NA 300.